H
array([[ 2.27368322e+05,  3.04065798e+01,  3.58616461e+04],
       [ 3.04065798e+01,  2.27394714e+05, -3.56149057e+04],
       [ 3.58616461e+04, -3.56149057e+04,  1.12359154e+04]])
g
array([  7.88131675, 126.64850675, -18.59065399])

np.linalg.inv(H)
array([[ 0.32013587, -0.31789255, -2.02941295],
       [-0.31789255,  0.31567368,  2.01521973],
       [-2.02941295,  2.01521973, 12.86507991]])g